196
196
197
198
199
200
0
201
202
203
200
201
201
198
0
0
0
200
0
0
200
199
204
0
0
203
198
0
0
202
0
205
205
205
196
0
206
0
198
201
200
200
197
0
197
201
201
0
198
198
198
197
0
0
200
0
201
201
0
201
200
200
200
200
200
0
200
0
0
200
200
200
204
204
199
204
204
199
0
199
199
199
0
197
203
203
197
0
203
203
203
197
203
197
0
198
0
203
198
198
207
207
207
203
203
0
0
202
202
202
0
0
203
202
0
205
205
205
205
205
205
196
0
205
205
205
196
0
0
202
202
206
206
200
0
206
206
206
0
0
0
207
198
198
201
0
201
198
198
201
200
0
201
201
200
200
200
200
200
200
0
0
197
197
197
0
0
197
197
0
197
201
201
201
201
201
201
201
0
0
198
198
0
198
198
198
198
198
198
198
198
198
197
197
197
197
197
197
0
0
0
0
0
200
200
200
200
0
201
201
0
201
201
201
201
201
201
201
201
201
0
201
201
0
201
200
200
200
200
200
200
200
200
200
200
200
200
200
200
200
200
200
200
200
200
200
0
200
200
200
200
0
0
200
0
196
0
200
200
200
200
200
200
200
200
200
200
200
200
200
204
0
204
204
204
204
204
0
204
0
0
0
199
0
204
204
204
204
0
0
204
199
199
199
199
199
199
199
199
199
199
199
0
199
199
0
199
199
199
0
199
199
0
0
0
197
197
197
0
0
0
0
203
203
203
197
0
197
197
197
197
0
203
203
203
203
203
203
203
203
203
203
203
203
203
203
0
0
0
0
0
197
197
197
197
0
0
198
197
0
0
198
198
198
198
198
203
203
0
0
203
0
203
198
198
198
198
198
198
0
207
207
0
0
207
207
0
207
207
207
207
207
203
203
203
203
203
0
203
0
0
0
0
202
202
202
0
202
0
202
202
202
202
202
202
202
202
202
0
0
203
203
0
0
205
203
203
203
203
203
0
0
203
0
0
202
0
202
202
0
0
205
205
0
0
205
205
0
205
205
205
205
205
0
205
205
205
0
205
205
0
0
196
196
205
205
0
0
196
205
205
0
205
205
205
205
205
0
205
205
205
0
196
205
205
0
0
196
0
0
0
205
0
202
0
0
0
202
202
202
202
0
202
202
202
0
0
202
0
206
0
200
206
0
0
0
200
206
206
0
206
206
206
206
206
206
206
206
206
206
0
206
206
206
0
0
0
0
206
206
198
198
198
0
0
207
207
0
198
198
0
0
198
198
198
198
198
198
201
201
201
201
201
201
0
201
0
0
201
0
198
198
198
198
0
198
198
198
198
198
201
201
201
201
201
200
0
200
200
200
200
0
201
201
201
201
0
201
0
201
201
201
200
200
200
200
200
200
200
200
200
200
200
200
200
200
200
200
200
200
200
0
0
0
200
200
200
200
200
0
200
196
196
196
200
200
200
0
196
0
196
0
