0
436
437
438
439
436
0
440
441
439
436
440
440
438
0
0
440
436
440
0
436
0
442
439
0
439
438
0
439
441
0
443
443
443
444
0
445
0
438
440
436
436
437
0
437
440
440
0
438
438
438
437
0
436
436
0
440
440
440
440
436
436
436
436
436
436
436
442
0
436
436
436
442
442
0
442
442
439
0
439
439
439
0
437
439
439
437
0
439
439
439
0
439
437
0
438
0
439
438
438
446
446
446
439
439
0
0
441
441
441
439
0
439
441
0
443
443
443
443
443
443
444
0
443
443
443
444
0
0
441
441
445
0
436
445
445
445
0
0
0
438
0
438
438
440
0
440
438
438
440
436
0
440
440
436
436
436
436
436
436
0
0
437
437
437
0
0
437
437
0
437
440
440
440
440
440
440
440
0
0
438
438
0
438
438
438
438
438
438
438
438
438
437
437
437
437
437
437
0
0
436
0
436
436
436
0
0
440
440
440
0
440
440
440
440
440
440
440
440
440
440
440
440
440
440
436
0
436
436
436
436
436
0
0
0
436
436
436
0
436
436
436
436
436
436
436
436
436
436
436
436
0
0
436
0
0
0
436
436
436
436
436
436
436
436
436
436
436
436
436
442
442
442
442
442
442
442
0
0
436
436
0
0
442
442
442
442
442
0
0
0
0
0
0
439
439
439
439
439
439
439
439
439
0
0
436
0
0
439
0
439
439
0
0
0
437
437
437
439
439
439
439
439
439
439
0
439
437
437
437
437
0
439
439
439
439
439
439
439
439
439
439
439
439
439
439
0
0
0
0
0
437
437
437
437
437
437
0
437
437
0
438
438
438
438
438
439
439
0
439
439
0
439
438
438
438
438
438
438
438
0
0
0
0
0
446
0
446
446
446
0
0
439
439
439
439
439
0
439
0
439
0
0
441
441
441
0
441
0
441
441
441
441
441
441
441
441
441
439
439
439
439
0
0
0
439
439
439
439
439
0
0
439
0
0
0
0
441
441
0
0
443
0
0
0
443
443
0
443
443
443
443
443
0
443
443
443
0
443
443
0
0
444
444
443
443
444
0
444
443
443
0
443
443
443
443
443
0
443
443
443
0
444
443
443
0
0
444
443
0
443
443
443
441
0
0
0
441
441
441
441
441
0
441
441
0
0
441
0
445
0
436
0
0
0
0
436
445
445
0
445
445
445
445
445
0
445
445
445
0
0
445
0
0
440
440
0
440
445
0
438
438
438
0
445
0
446
0
438
438
0
438
438
438
438
438
438
438
440
440
440
440
440
440
0
440
0
0
440
0
438
438
0
438
0
438
438
438
438
438
440
440
440
440
440
436
0
436
436
436
436
0
440
440
440
440
0
440
0
440
440
440
436
436
436
436
436
436
436
436
436
436
436
436
436
436
436
436
436
436
436
0
0
440
436
436
436
436
436
0
436
0
0
0
436
436
436
0
0
436
0
0
